%YAML:1.0
---
# スキーマ: camera_extrinsics_v1
# 座標系規約: P_main = R * P_panel + t。
# R: panel_recog_camera座標系からmain_camera座標系への3x3回転行列。
# t: panel_recog_camera原点からmain_camera原点への3x1並進ベクトル。
# tの単位: キャリブ時の --square-size と同じ（通常はメートル）。
# rms: ステレオキャリブレーションの再投影RMSE [px]。
R: !!opencv-matrix
   rows: 3
   cols: 3
   dt: d
   data: [ 0.99988116185534437, -0.0030380917635118255,
       -0.015113972516953553, 0.0041920295974240494, 0.99702896993593093,
       0.076913327820027549, 0.014835398702463864, -0.076967545802975851,
       0.99692322063356809 ]
t: !!opencv-matrix
   rows: 3
   cols: 1
   dt: d
   data: [ 0.016579974472142458, -0.011300602231539121,
       0.006549083302251955 ]
rms: 60.444662686681539
note: stereoCalibrate (pair images)
