%YAML:1.0
---
# スキーマ: camera_intrinsics_v1
# K: 3x3のカメラ内部行列（画素単位）[fx 0 cx; 0 fy cy; 0 0 1]。
# dist: OpenCVのレンズ歪み係数（k1, k2, p1, p2, k3, ...）。
# width,height: 内部パラメータ推定に使ったキャリブ画像サイズ。
# rms: 再投影誤差のRMSE [px]（一般に小さいほど良い）。
K: !!opencv-matrix
   rows: 3
   cols: 3
   dt: d
   data: [ 912.44534468789948, 0., 692.58696419684168, 0.,
       913.09408648573242, 333.00387875070373, 0., 0., 1. ]
dist: !!opencv-matrix
   rows: 1
   cols: 5
   dt: d
   data: [ 0.016893504392443973, 0.091251395729180035,
       -7.908987861525616e-06, -0.00094405613216151944,
       -0.26361862394997149 ]
width: 1280
height: 720
rms: 0.38312747149352588
