%YAML:1.0
---
# スキーマ: camera_intrinsics_v1
# K: 3x3のカメラ内部行列（画素単位）[fx 0 cx; 0 fy cy; 0 0 1]。
# dist: OpenCVのレンズ歪み係数（k1, k2, p1, p2, k3, ...）。
# width,height: 内部パラメータ推定に使ったキャリブ画像サイズ。
# rms: 再投影誤差のRMSE [px]（一般に小さいほど良い）。
K: !!opencv-matrix
   rows: 3
   cols: 3
   dt: d
   data: [ 398.58472814657233, 0., 617.41466436281337, 0.,
       398.68412324132021, 396.34306300033325, 0., 0., 1. ]
dist: !!opencv-matrix
   rows: 1
   cols: 5
   dt: d
   data: [ -0.05266741383827217, 0.087470394098732085,
       -2.1826542632643846e-05, -9.9932844740945588e-05,
       -0.038528050692475876 ]
width: 1280
height: 720
rms: 0.52060022010561269
