%YAML:1.0
---
K: !!opencv-matrix
   rows: 3
   cols: 3
   dt: d
   data: [ 398.58472814657233, 0., 617.41466436281337, 0.,
       398.68412324132021, 396.34306300033325, 0., 0., 1. ]
dist: !!opencv-matrix
   rows: 1
   cols: 5
   dt: d
   data: [ -0.05266741383827217, 0.087470394098732085,
       -2.1826542632643846e-05, -9.9932844740945588e-05,
       -0.038528050692475876 ]
width: 1280
height: 720
rms: 0.52060022010561269
