%YAML:1.0
---
K: !!opencv-matrix
   rows: 3
   cols: 3
   dt: d
   data: [ 912.44534468789948, 0., 692.58696419684168, 0.,
       913.09408648573242, 333.00387875070373, 0., 0., 1. ]
dist: !!opencv-matrix
   rows: 1
   cols: 5
   dt: d
   data: [ 0.016893504392443973, 0.091251395729180035,
       -7.908987861525616e-06, -0.00094405613216151944,
       -0.26361862394997149 ]
width: 1280
height: 720
rms: 0.38312747149352588
